0.0
1054.99999999
2107.5
752.5
1807.5
452.5
1504.99999999
149.99999999
1205.0
2257.49999999
902.5
1957.49999999
602.49999999
1657.5
302.49999999
1355.0
0.0
1054.99999999
2107.5
752.5
1807.5
452.5
1504.99999999
149.99999999
1205.0
2257.49999999
902.5
1957.49999999
602.49999999
1657.5
302.49999999
1355.0
0.0
1054.99999999
2107.5
752.5
1807.5
452.5
1504.99999999
149.99999999
1205.0
2257.49999999
902.5
1957.49999999
602.49999999
1657.5
302.49999999
1355.0
0.0
1054.99999999
2107.5
752.5
1807.5
452.5
1504.99999999
149.99999999
1205.0
2257.49999999
902.5
1957.49999999
602.49999999
1657.5
302.49999999
1355.0
